0.000000 0.000000
0.000000 0.021277
0.000000 0.042553
0.000556 0.042553
0.001113 0.042553
0.001669 0.042553
0.002782 0.042553
0.003339 0.042553
0.003895 0.042553
0.005565 0.042553
0.006121 0.042553
0.006678 0.042553
0.007234 0.042553
0.008904 0.042553
0.009460 0.042553
0.010017 0.042553
0.010573 0.042553
0.011130 0.042553
0.012243 0.042553
0.013356 0.042553
0.013912 0.042553
0.014469 0.042553
0.015582 0.042553
0.016138 0.042553
0.018364 0.042553
0.018364 0.063830
0.018920 0.063830
0.021703 0.063830
0.022259 0.063830
0.022259 0.085106
0.022816 0.085106
0.022816 0.170213
0.024485 0.170213
0.025598 0.170213
0.027268 0.170213
0.028381 0.170213
0.028937 0.170213
0.030050 0.170213
0.032276 0.170213
0.033389 0.170213
0.033945 0.170213
0.035058 0.170213
0.037284 0.170213
0.038954 0.170213
0.040067 0.170213
0.040623 0.170213
0.041736 0.170213
0.044519 0.170213
0.046188 0.170213
0.046188 0.191489
0.054535 0.191489
0.055648 0.191489
0.058431 0.191489
0.061770 0.191489
0.061770 0.212766
0.063439 0.234043
0.065109 0.234043
0.079021 0.234043
0.079577 0.234043
0.081803 0.234043
0.085142 0.234043
0.089594 0.234043
0.091263 0.255319
0.092933 0.255319
0.095159 0.276596
0.104062 0.276596
0.106845 0.276596
0.110184 0.276596
0.113523 0.297872
0.114636 0.297872
0.116305 0.297872
0.118531 0.297872
0.119087 0.297872
0.129661 0.297872
0.134669 0.297872
0.134669 0.319149
0.137451 0.319149
0.139677 0.319149
0.141347 0.319149
0.143016 0.319149
0.150807 0.319149
0.156372 0.319149
0.157485 0.319149
0.161380 0.319149
0.165275 0.319149
0.166945 0.319149
0.168058 0.319149
0.170284 0.340426
0.174736 0.340426
0.178631 0.340426
0.181970 0.340426
0.185865 0.340426
0.192543 0.340426
0.194213 0.340426
0.197551 0.340426
0.203116 0.340426
0.208125 0.361702
0.212577 0.361702
0.215359 0.361702
0.219811 0.361702
0.222037 0.361702
0.234279 0.361702
0.235392 0.361702
0.236505 0.382979
0.239844 0.382979
0.242070 0.404255
0.245409 0.404255
0.245965 0.404255
0.252643 0.404255
0.255982 0.404255
0.262660 0.404255
0.264329 0.404255
0.266555 0.404255
0.268225 0.404255
0.271007 0.489362
0.273790 0.510638
0.276016 0.510638
0.278798 0.510638
0.282137 0.510638
0.283250 0.510638
0.289371 0.510638
0.291597 0.510638
0.292154 0.510638
0.292710 0.510638
0.297162 0.510638
0.299944 0.510638
0.300501 0.510638
0.302170 0.531915
0.302727 0.553191
0.303283 0.553191
0.309405 0.553191
0.310518 0.553191
0.311630 0.574468
0.317752 0.574468
0.324986 0.595745
0.325543 0.595745
0.327769 0.595745
0.331107 0.595745
0.337229 0.617021
0.337785 0.617021
0.340011 0.638298
0.343907 0.638298
0.345019 0.659574
0.347802 0.659574
0.353923 0.659574
0.356706 0.680851
0.361714 0.680851
0.363383 0.702128
0.364496 0.702128
0.365609 0.702128
0.371731 0.702128
0.372844 0.702128
0.375070 0.702128
0.377852 0.723404
0.387869 0.723404
0.391764 0.723404
0.394546 0.723404
0.402337 0.723404
0.404007 0.723404
0.409015 0.723404
0.415693 0.744681
0.417362 0.744681
0.419032 0.744681
0.420145 0.765957
0.422371 0.765957
0.427379 0.787234
0.432387 0.787234
0.437396 0.787234
0.439622 0.787234
0.449082 0.787234
0.450751 0.787234
0.454090 0.787234
0.461881 0.829787
0.465776 0.872340
0.472454 0.872340
0.476349 0.872340
0.479132 0.872340
0.483584 0.872340
0.491375 0.872340
0.493044 0.872340
0.496939 0.872340
0.504174 0.872340
0.509738 0.893617
0.519755 0.893617
0.522538 0.893617
0.524207 0.914894
0.534780 0.936170
0.539789 0.936170
0.543127 0.936170
0.548136 0.936170
0.552031 0.957447
0.557040 0.957447
0.559265 0.957447
0.565387 0.957447
0.568169 0.978723
0.573178 0.978723
0.578742 0.978723
0.581525 0.978723
0.585977 0.978723
0.591541 0.978723
0.598219 0.978723
0.599889 0.978723
0.607679 0.978723
0.609905 0.978723
0.612688 0.978723
0.618253 0.978723
0.622148 0.978723
0.625487 0.978723
0.628269 0.978723
0.632165 0.978723
0.634391 0.978723
0.640512 0.978723
0.657206 0.978723
0.681135 0.978723
0.685031 0.978723
0.696160 0.978723
0.704508 0.978723
0.706733 0.978723
0.721202 0.978723
0.737340 0.978723
0.764051 0.978723
0.783528 0.978723
0.810239 0.978723
0.836394 0.978723
0.860323 0.978723
0.879243 1.000000
0.907624 1.000000
0.920979 1.000000
0.927101 1.000000
0.931553 1.000000
0.938230 1.000000
0.945465 1.000000
0.947691 1.000000
0.952699 1.000000
0.962159 1.000000
0.974958 1.000000
0.982749 1.000000
0.984975 1.000000
0.988870 1.000000
0.989983 1.000000
0.992766 1.000000
0.993879 1.000000
1.000000 1.000000
