0.584000 1.000000
0.578000 1.000000
0.559000 1.000000
0.366000 0.999444
0.357000 0.998887
0.356000 0.998331
0.343000 0.997218
0.331000 0.996661
0.310000 0.996105
0.298000 0.994435
0.275000 0.993879
0.269000 0.993322
0.260000 0.992766
0.258000 0.991096
0.254000 0.990540
0.253000 0.989983
0.251000 0.989427
0.247000 0.988870
0.244000 0.987757
0.243000 0.986644
0.241000 0.986088
0.240000 0.985531
0.237000 0.984418
0.235000 0.983862
0.234000 0.981636
0.233000 0.981636
0.230000 0.981080
0.227000 0.978297
0.226000 0.977741
0.225000 0.977741
0.224000 0.977184
0.221000 0.977184
0.220000 0.975515
0.219000 0.974402
0.218000 0.972732
0.215000 0.971619
0.214000 0.971063
0.212000 0.969950
0.211000 0.967724
0.209000 0.966611
0.208000 0.966055
0.207000 0.964942
0.206000 0.962716
0.205000 0.961046
0.204000 0.959933
0.203000 0.959377
0.202000 0.958264
0.201000 0.955481
0.198000 0.953812
0.197000 0.953812
0.196000 0.945465
0.193000 0.944352
0.192000 0.941569
0.191000 0.938230
0.190000 0.938230
0.189000 0.936561
0.188000 0.934891
0.187000 0.920979
0.186000 0.920423
0.185000 0.918197
0.184000 0.914858
0.183000 0.910406
0.182000 0.908737
0.181000 0.907067
0.180000 0.904841
0.179000 0.895938
0.178000 0.893155
0.177000 0.889816
0.176000 0.886477
0.175000 0.885364
0.174000 0.883695
0.173000 0.881469
0.172000 0.880913
0.171000 0.870339
0.170000 0.865331
0.169000 0.865331
0.168000 0.862549
0.167000 0.860323
0.166000 0.858653
0.165000 0.856984
0.164000 0.849193
0.163000 0.843628
0.162000 0.842515
0.161000 0.838620
0.160000 0.834725
0.159000 0.833055
0.158000 0.831942
0.157000 0.829716
0.156000 0.825264
0.155000 0.821369
0.154000 0.818030
0.153000 0.814135
0.152000 0.807457
0.151000 0.805787
0.150000 0.802449
0.149000 0.796884
0.148000 0.791875
0.147000 0.787423
0.146000 0.784641
0.145000 0.780189
0.144000 0.777963
0.142000 0.765721
0.141000 0.764608
0.140000 0.763495
0.139000 0.760156
0.138000 0.757930
0.137000 0.754591
0.136000 0.754035
0.135000 0.747357
0.134000 0.744018
0.133000 0.737340
0.132000 0.735671
0.130000 0.733445
0.129000 0.731775
0.128000 0.728993
0.127000 0.726210
0.126000 0.723984
0.125000 0.721202
0.124000 0.717863
0.123000 0.716750
0.122000 0.710629
0.121000 0.708403
0.120000 0.707846
0.119000 0.707290
0.118000 0.702838
0.117000 0.700056
0.116000 0.699499
0.115000 0.697830
0.114000 0.697273
0.113000 0.696717
0.112000 0.690595
0.111000 0.689482
0.110000 0.688370
0.109000 0.682248
0.108000 0.675014
0.107000 0.674457
0.106000 0.672231
0.105000 0.668893
0.104000 0.662771
0.103000 0.662215
0.102000 0.659989
0.101000 0.656093
0.100000 0.654981
0.099000 0.652198
0.098000 0.646077
0.097000 0.643294
0.096000 0.638286
0.095000 0.636617
0.094000 0.635504
0.093000 0.634391
0.092000 0.628269
0.091000 0.627156
0.090000 0.624930
0.089000 0.622148
0.088000 0.612131
0.087000 0.608236
0.086000 0.605454
0.085000 0.597663
0.084000 0.595993
0.083000 0.590985
0.082000 0.584307
0.081000 0.582638
0.080000 0.580968
0.079000 0.579855
0.078000 0.577629
0.077000 0.572621
0.076000 0.567613
0.075000 0.562604
0.074000 0.560378
0.073000 0.550918
0.072000 0.549249
0.071000 0.545910
0.070000 0.538119
0.069000 0.534224
0.068000 0.527546
0.067000 0.523651
0.066000 0.520868
0.065000 0.516416
0.064000 0.508625
0.063000 0.506956
0.062000 0.503061
0.061000 0.495826
0.060000 0.490262
0.059000 0.480245
0.058000 0.477462
0.057000 0.475793
0.056000 0.465220
0.055000 0.460211
0.054000 0.456873
0.053000 0.451864
0.052000 0.447969
0.051000 0.442960
0.050000 0.440735
0.049000 0.434613
0.048000 0.431831
0.047000 0.426822
0.046000 0.421258
0.045000 0.418475
0.044000 0.414023
0.043000 0.408459
0.042000 0.401781
0.041000 0.400111
0.040000 0.392321
0.039000 0.390095
0.038000 0.387312
0.037000 0.381747
0.036000 0.377852
0.035000 0.374513
0.034000 0.371731
0.033000 0.367835
0.032000 0.365609
0.031000 0.359488
0.030000 0.342794
0.029000 0.318865
0.028000 0.314969
0.027000 0.303840
0.026000 0.295492
0.025000 0.293267
0.024000 0.278798
0.023000 0.262660
0.022000 0.235949
0.021000 0.216472
0.020000 0.189761
0.019000 0.163606
0.018000 0.139677
0.017000 0.120757
0.016000 0.092376
0.015000 0.079021
0.014000 0.072899
0.013000 0.068447
0.012000 0.061770
0.011000 0.054535
0.010000 0.052309
0.009000 0.047301
0.008000 0.037841
0.007000 0.025042
0.006000 0.017251
0.005000 0.015025
0.004000 0.011130
0.003000 0.010017
0.002000 0.007234
0.000000 0.006121
0.000000 0.000000
