0.034
0.063
0.023
0.020
0.025
0.013
0.078
0.078
0.023
0.023
0.018
0.012
0.078
0.018
0.013
0.016
0.016
0.016
0.077
0.071
0.008
0.028
0.042
0.125
0.125
0.023
0.017
0.022
0.021
0.022
0.073
0.017
0.018
0.014
0.018
0.007
0.020
0.021
0.013
0.041
0.040
0.048
0.031
0.036
0.031
0.022
0.022
0.077
0.007
0.007
0.019
0.186
0.066
0.006
0.035
0.019
0.021
0.009
0.008
0.019
0.019
0.020
0.009
0.020
0.020
0.008
0.009
0.021
0.020
0.021
0.021
0.039
0.007
0.007
0.007
0.021
0.012
0.021
0.009
0.009
0.041
0.019
0.041
0.055
0.041
0.008
0.052
0.030
0.074
0.074
0.074
0.074
0.025
0.022
0.020
0.020
0.020
0.020
0.020
0.021
0.023
0.016
0.023
0.060
0.009
0.032
0.086
0.086
0.008
0.009
0.008
0.024
0.034
0.032
0.054
0.015
0.006
0.021
0.003
0.003
0.063
0.030
0.020
0.093
0.038
0.037
0.037
0.025
0.037
0.037
0.037
0.037
0.031
0.031
0.031
0.031
0.027
0.013
0.005
0.043
0.005
0.018
0.018
0.036
0.038
0.009
0.041
0.015
0.019
0.021
0.005
0.024
0.031
0.022
0.021
0.033
0.084
0.084
0.084
0.022
0.052
0.012
0.006
0.022
0.050
0.027
0.041
0.031
0.078
0.013
0.013
0.013
0.072
0.076
0.021
0.023
0.016
0.100
0.045
0.135
0.024
0.123
0.118
0.064
0.024
0.024
0.023
0.062
0.027
0.028
0.087
0.055
0.129
0.227
0.083
0.089
0.050
0.043
0.024
0.057
0.079
0.018
0.164
0.218
0.113
0.208
0.125
0.119
0.208
0.149
0.149
0.149
0.149
0.149
0.235
0.235
0.235
0.206
0.225
0.247
0.260
0.065
0.018
0.032
0.019
0.202
0.018
0.127
0.182
0.118
0.118
0.118
0.015
0.043
0.047
0.068
0.024
0.066
0.066
0.169
0.136
0.119
0.020
0.020
0.126
0.008
0.041
0.107
0.310
0.247
0.009
0.113
0.018
0.078
0.017
0.071
0.017
0.099
0.192
0.017
0.023
0.017
0.177
0.177
0.165
0.015
0.072
0.020
0.017
0.197
0.101
0.178
0.172
0.048
0.017
0.206
0.018
0.181
0.181
0.089
0.016
0.091
0.153
0.017
0.056
0.056
0.207
0.207
0.017
0.140
0.109
0.109
0.085
0.017
0.017
0.090
0.017
0.206
0.196
0.196
0.044
0.188
0.188
0.017
0.017
0.017
0.017
0.070
0.074
0.016
0.018
0.067
0.018
0.017
0.017
0.017
0.169
0.169
0.018
0.078
0.114
0.109
0.105
0.105
0.017
0.005
0.015
0.184
0.184
0.064
0.105
0.017
0.078
0.188
0.188
0.078
0.085
0.019
0.019
0.017
0.184
0.184
0.087
0.192
0.192
0.065
0.134
0.018
0.072
0.157
0.157
0.074
0.076
0.018
0.067
0.071
0.098
0.062
0.212
0.089
0.097
0.097
0.147
0.150
0.230
0.113
0.164
0.086
0.086
0.007
0.157
0.205
0.157
0.082
0.089
0.144
0.144
0.091
0.086
0.086
0.154
0.111
0.138
0.138
0.089
0.254
0.086
0.136
0.201
0.086
0.093
0.119
0.244
0.069
0.197
0.099
0.129
0.089
0.107
0.086
0.189
0.214
0.113
0.155
0.168
0.093
0.117
0.123
0.145
0.100
0.109
0.087
0.105
0.105
0.141
0.089
0.119
0.119
0.081
0.187
0.233
0.219
0.093
0.138
0.251
0.136
0.148
0.097
0.066
0.144
0.097
0.086
0.139
0.089
0.076
0.089
0.123
0.127
0.093
0.016
0.084
0.144
0.097
0.119
0.079
0.096
0.126
0.093
0.100
0.235
0.122
0.142
0.112
0.093
0.138
0.089
0.102
0.144
0.144
0.093
0.244
0.112
0.018
0.061
0.113
0.113
0.014
0.109
0.045
0.024
0.185
0.135
0.174
0.174
0.016
0.182
0.185
0.099
0.077
0.172
0.164
0.190
0.165
0.180
0.171
0.080
0.184
0.184
0.310
0.171
0.062
0.017
0.083
0.017
0.138
0.097
0.150
0.186
0.086
0.097
0.105
0.089
0.089
0.103
0.019
0.023
0.020
0.090
0.021
0.046
0.034
0.190
0.140
0.128
0.175
0.077
0.077
0.068
0.054
0.060
0.130
0.030
0.065
0.121
0.128
0.128
0.068
0.050
0.048
0.032
0.113
0.071
0.071
0.029
0.057
0.050
0.123
0.020
0.025
0.058
0.047
0.047
0.020
0.017
0.017
0.017
0.017
0.061
0.240
0.240
0.050
0.050
0.034
0.049
0.074
0.054
0.057
0.068
0.054
0.074
0.074
0.127
0.054
0.019
0.066
0.052
0.057
0.077
0.048
0.123
0.134
0.197
0.066
0.060
0.095
0.074
0.065
0.065
0.139
0.057
0.030
0.183
0.063
0.042
0.125
0.181
0.113
0.176
0.207
0.133
0.134
0.197
0.019
0.174
0.192
0.174
0.197
0.183
0.055
0.029
0.069
0.071
0.032
0.089
0.089
0.221
0.017
0.017
0.086
0.086
0.019
0.123
0.017
0.052
0.072
0.207
0.151
0.151
0.028
0.060
0.035
0.161
0.356
0.024
0.021
0.021
0.027
0.145
0.145
0.022
0.022
0.023
0.023
0.022
0.039
0.035
0.057
0.025
0.000
0.017
0.202
0.202
0.030
0.088
0.025
0.062
0.062
0.062
0.062
0.062
0.000
0.020
0.029
0.029
0.146
0.031
0.076
0.023
0.022
0.068
0.140
0.237
0.275
0.150
0.104
0.559
0.008
0.168
0.031
0.042
0.128
0.083
0.141
0.132
0.357
0.031
0.031
0.053
0.008
0.024
0.129
0.018
0.021
0.028
0.019
0.028
0.132
0.132
0.023
0.034
0.034
0.024
0.044
0.044
0.040
0.062
0.025
0.017
0.109
0.109
0.109
0.109
0.057
0.204
0.243
0.260
0.260
0.024
0.022
0.021
0.034
0.049
0.043
0.077
0.022
0.016
0.004
0.019
0.009
0.019
0.028
0.028
0.021
0.021
0.022
0.022
0.017
0.030
0.019
0.000
0.009
0.024
0.069
0.027
0.000
0.025
0.027
0.153
0.153
0.153
0.031
0.149
0.149
0.149
0.149
0.030
0.024
0.018
0.025
0.016
0.005
0.019
0.021
0.023
0.021
0.018
0.023
0.179
0.019
0.018
0.016
0.016
0.124
0.017
0.072
0.052
0.054
0.018
0.015
0.008
0.008
0.008
0.021
0.009
0.162
0.162
0.099
0.102
0.060
0.024
0.071
0.220
0.136
0.220
0.178
0.136
0.028
0.065
0.062
0.030
0.026
0.023
0.076
0.032
0.205
0.132
0.059
0.013
0.012
0.003
0.018
0.025
0.070
0.074
0.110
0.110
0.023
0.021
0.044
0.020
0.066
0.013
0.013
0.013
0.098
0.093
0.022
0.084
0.084
0.091
0.025
0.083
0.153
0.153
0.153
0.153
0.076
0.084
0.038
0.038
0.023
0.110
0.110
0.083
0.022
0.108
0.071
0.027
0.144
0.090
0.046
0.021
0.017
0.017
0.068
0.101
0.090
0.019
0.060
0.060
0.082
0.023
0.022
0.128
0.122
0.021
0.008
0.017
0.083
0.083
0.008
0.019
0.015
0.023
0.023
0.063
0.056
0.056
0.056
0.009
0.060
0.074
0.074
0.060
0.026
0.020
0.083
0.054
0.123
0.123
0.123
0.123
0.055
0.044
0.044
0.019
0.088
0.088
0.059
0.230
0.230
0.230
0.230
0.050
0.008
0.046
0.046
0.099
0.069
0.069
0.020
0.023
0.024
0.089
0.089
0.083
0.083
0.011
0.017
0.018
0.043
0.024
0.110
0.110
0.164
0.164
0.164
0.164
0.021
0.011
0.011
0.011
0.061
0.061
0.033
0.029
0.029
0.020
0.021
0.012
0.008
0.061
0.019
0.060
0.060
0.057
0.063
0.057
0.039
0.054
0.054
0.030
0.045
0.045
0.053
0.053
0.078
0.065
0.016
0.099
0.099
0.052
0.051
0.051
0.024
0.023
0.106
0.106
0.098
0.098
0.106
0.106
0.102
0.102
0.106
0.106
0.075
0.075
0.036
0.061
0.061
0.093
0.080
0.075
0.099
0.099
0.046
0.061
0.166
0.102
0.016
0.069
0.069
0.060
0.060
0.086
0.025
0.057
0.010
0.009
0.052
0.008
0.065
0.065
0.007
0.025
0.062
0.051
0.140
0.146
0.146
0.116
0.111
0.122
0.116
0.130
0.150
0.150
0.084
0.053
0.060
0.120
0.218
0.021
0.021
0.020
0.241
0.150
0.031
0.107
0.133
0.100
0.045
0.024
0.021
0.020
0.020
0.019
0.064
0.022
0.020
0.062
0.070
0.070
0.024
0.025
0.067
0.010
0.173
0.085
0.020
0.065
0.020
0.000
0.019
0.015
0.022
0.015
0.021
0.021
0.019
0.019
0.008
0.019
0.014
0.010
0.014
0.065
0.017
0.020
0.215
0.025
0.136
0.136
0.118
0.016
0.016
0.146
0.025
0.038
0.038
0.019
0.019
0.107
0.072
0.083
0.142
0.137
0.087
0.057
0.039
0.020
0.020
0.019
0.065
0.181
0.176
0.183
0.030
0.153
0.167
0.145
0.116
0.015
0.060
0.068
0.059
0.071
0.058
0.020
0.160
0.079
0.079
0.182
0.146
0.146
0.031
0.031
0.031
0.031
0.031
0.031
0.031
0.031
0.030
0.030
0.171
0.171
0.031
0.041
0.047
0.047
0.047
0.047
0.032
0.032
0.000
0.000
0.000
0.136
0.136
0.024
0.057
0.057
0.023
0.016
0.016
0.014
0.014
0.018
0.023
0.023
0.023
0.110
0.110
0.030
0.022
0.065
0.032
0.043
0.103
0.103
0.041
0.025
0.025
0.020
0.024
0.038
0.185
0.185
0.177
0.177
0.188
0.188
0.203
0.203
0.193
0.193
0.186
0.186
0.178
0.178
0.197
0.197
0.188
0.188
0.188
0.188
0.180
0.180
0.188
0.188
0.180
0.180
0.188
0.188
0.188
0.180
0.180
0.197
0.197
0.188
0.188
0.180
0.180
0.201
0.201
0.192
0.192
0.180
0.180
0.172
0.172
0.184
0.184
0.172
0.172
0.172
0.172
0.202
0.202
0.193
0.193
0.180
0.180
0.172
0.172
0.172
0.172
0.165
0.165
0.172
0.172
0.162
0.162
0.155
0.155
0.155
0.144
0.144
0.161
0.161
0.150
0.150
0.147
0.147
0.157
0.157
0.151
0.151
0.147
0.147
0.157
0.157
0.151
0.151
0.167
0.167
0.156
0.156
0.152
0.152
0.144
0.144
0.135
0.154
0.154
0.148
0.148
0.144
0.144
0.144
0.144
0.172
0.172
0.165
0.163
0.163
0.172
0.172
0.160
0.160
0.158
0.158
0.152
0.148
0.148
0.144
0.144
0.135
0.135
0.165
0.165
0.158
0.158
0.154
0.154
0.165
0.165
0.144
0.144
0.139
0.139
0.155
0.155
0.148
0.148
0.169
0.169
0.162
0.162
0.178
0.178
0.171
0.171
0.165
0.165
0.166
0.166
0.159
0.159
0.161
0.161
0.154
0.154
0.150
0.150
0.144
0.144
0.156
0.156
0.161
0.161
0.188
0.188
0.197
0.197
0.188
0.188
0.221
0.221
0.211
0.211
0.165
0.165
0.175
0.175
0.168
0.168
0.179
0.179
0.171
0.171
0.185
0.185
0.177
0.177
0.188
0.188
0.180
0.180
0.188
0.188
0.180
0.020
0.020
0.134
0.134
0.134
0.020
0.019
0.019
0.069
0.069
0.069
0.041
0.041
0.146
0.146
0.134
0.134
0.081
0.081
0.020
0.020
0.012
0.012
0.030
0.030
0.022
0.022
0.007
0.012
0.140
0.140
0.030
0.153
0.153
0.021
0.021
0.021
0.021
0.074
0.020
0.020
0.055
0.032
0.026
0.022
0.214
0.023
0.023
0.035
0.023
0.022
0.031
0.031
0.031
0.031
0.134
0.134
0.022
0.008
0.021
0.024
0.023
0.017
0.017
0.045
0.024
0.050
0.019
0.019
0.030
0.030
0.015
0.016
0.007
0.041
0.000
0.030
0.298
0.004
0.039
0.179
0.179
0.041
0.025
0.028
0.028
0.028
0.028
0.028
0.023
0.063
0.063
0.056
0.056
0.074
0.018
0.017
0.017
0.023
0.044
0.044
0.022
0.007
0.014
0.007
0.094
0.094
0.189
0.189
0.030
0.030
0.030
0.030
0.027
0.030
0.007
0.021
0.027
0.056
0.077
0.048
0.125
0.028
0.028
0.028
0.023
0.028
0.090
0.060
0.024
0.071
0.110
0.110
0.067
0.099
0.036
0.036
0.030
0.027
0.030
0.030
0.030
0.030
0.030
0.310
0.028
0.030
0.030
0.021
0.071
0.071
0.012
0.017
0.017
0.019
0.366
0.059
0.028
0.197
0.010
0.010
0.172
0.197
0.197
0.164
0.164
0.119
0.013
0.110
0.190
0.119
0.024
0.197
0.127
0.089
0.010
0.028
0.029
0.052
0.060
0.048
0.048
0.088
0.088
0.088
0.088
0.023
0.010
0.010
0.010
0.020
0.025
0.020
0.164
0.136
0.136
0.100
0.109
0.020
0.073
0.038
0.099
0.212
0.071
0.055
0.212
0.156
0.156
0.156
0.036
0.041
0.019
0.012
0.030
0.076
0.076
0.087
0.069
0.102
0.138
0.219
0.134
0.105
0.105
0.105
0.008
0.021
0.048
0.052
0.030
0.095
0.209
0.162
0.356
0.130
0.022
0.022
0.030
0.030
0.030
0.030
0.035
0.033
0.136
0.126
0.105
0.007
0.017
0.002
0.018
0.057
0.075
0.058
0.212
0.043
0.045
0.096
0.171
0.012
0.030
0.113
0.027
0.027
0.027
0.027
0.003
0.005
0.019
0.017
0.082
0.083
0.193
0.061
0.037
0.018
0.070
0.009
0.053
0.059
0.096
0.018
0.019
0.006
0.051
0.030
0.030
0.092
0.113
0.070
0.023
0.023
0.023
0.129
0.049
0.148
0.097
0.097
0.003
0.019
0.018
0.017
0.019
0.040
0.040
0.017
0.129
0.331
0.016
0.016
0.021
0.123
0.091
0.115
0.135
0.065
0.076
0.133
0.103
0.126
0.343
0.022
0.062
0.021
0.000
0.093
0.089
0.023
0.021
0.016
0.144
0.153
0.253
0.047
0.047
0.047
0.022
0.043
0.038
0.043
0.038
0.069
0.027
0.005
0.043
0.073
0.269
0.008
0.125
0.061
0.124
0.030
0.020
0.258
0.048
0.056
0.074
0.071
0.066
0.053
0.031
0.031
0.045
0.000
0.021
0.025
0.025
0.025
0.060
0.053
0.033
0.092
0.023
0.021
0.026
0.109
0.019
0.165
0.002
0.023
0.023
0.022
0.022
0.023
0.023
0.018
0.018
0.018
0.050
0.050
0.057
0.057
0.016
0.023
0.024
0.024
0.074
0.021
0.126
0.025
0.109
0.109
0.008
0.020
0.009
0.025
0.014
0.077
0.057
0.057
0.057
0.008
0.012
0.024
0.030
0.009
0.023
0.019
0.018
0.032
0.021
0.012
0.134
0.031
0.219
0.025
0.020
0.098
0.022
0.067
0.023
0.070
0.043
0.049
0.044
0.043
0.049
0.050
0.044
0.084
0.122
0.113
0.102
0.105
